17941913
1809-8126
18431913
1889197
1898199. 48
19201966
1141913
1170-737
11. 330-2331
11320-32314
ΠΜηη
11424-4288
11530-5358
11570-57315
115949
11619-62310
1167911115
11886-88915
11891-89315
11943-94511
11171916
11187-9016
11114216
11115416
111 323-327 17
111373-37717
111 525-532 18 19.
“ 111537-54011
111545-547 19
11157161
111 590-617 3ο sq.
’ 11619. 31
11434811, 61
11 108-116 34
11 140-142 35
11 15019. 35
11 165-175 36
1120019. 36
11204-206 37
11 222-224 37, 166
11243-24911
1124619. 3719.
11266-26911
11398 38
11417 39
1143419. 39
11445 39

INDICES.

11498-501 13

11 515 Praef. p. vii

11523 19. 39

11539-641 17, 64

11 579-581 15

11 599 39

11 601 11

11 602 39

11 642-645 4ο

11 669 4ο

11 686-695 40 sq.

11 701-710 41

11 726 19. 41

11 787--790 41

11 794-796 41

11 845-849 41

11 860-804 43

11873-885 15 19.

11 886-893 16 sq.
1. 33 44

1 40-45 44

1 51 44

1 53 sq. 45

1 36 47

1 132-134 45

1 135 45

1 151 47 11.

1 130-132 45

1 183 19. 48

v 209 19. 48

1 280 19. 48

1302 49

v 319 19. 49

1338 19. 49, 67

1353 5ο

1 398 47

1439-446 50

v 459-468 5ο 199.

1483 53

1494 53

1 501 19. 54

1 514 (543) 1

1527-532 54

1 567 54

v 5⁸9 14 11

1646111· 11

 

